"Away"  "Draw"  "Home"
"1"  0.03  0.11  0.86
"2"  0.2  0.27  0.52
"3"  0.32  0.56  0.12
"4"  0.21  0.28  0.51
"5"  0.29  0.26  0.44
"6"  0.41  0.34  0.25
"7"  0.03  0.19  0.77
"8"  0.14  0.2  0.65
"9"  0.25  0.42  0.33
"10"  0.05  0.16  0.8
"11"  0.46  0.39  0.15
"12"  0.28  0.32  0.4
"13"  0.24  0.6  0.15
"14"  0.15  0.25  0.6
"15"  0.66  0.26  0.08
"16"  0.21  0.39  0.4
"17"  0.14  0.13  0.73
"18"  0.51  0.29  0.2
"19"  0.23  0.23  0.54
"20"  0.04  0.28  0.68
"21"  0.2  0.36  0.44
"22"  0.09  0.21  0.7
"23"  0.29  0.53  0.18
"24"  0.13  0.29  0.58
"25"  0.26  0.58  0.17
"26"  0.28  0.32  0.4
"27"  0.42  0.36  0.23
"28"  0.82  0.06  0.12
"29"  0.05  0.2  0.75
"30"  0.39  0.35  0.26
"31"  0.2  0.61  0.2
"32"  0.13  0.44  0.43
"33"  0.34  0.48  0.18
"34"  0.25  0.36  0.39
"35"  0.2  0.28  0.52
"36"  0.1  0.24  0.66
"37"  0.17  0.49  0.35
"38"  0.09  0.21  0.7
"39"  0.08  0.5  0.42
"40"  0.51  0.32  0.17
"41"  0.03  0.15  0.81
"42"  0.55  0.4  0.05
"43"  0.17  0.12  0.71
"44"  0.24  0.44  0.32
"45"  0.12  0.37  0.51
"46"  0.08  0.42  0.5
"47"  0.37  0.47  0.16
"48"  0.09  0.34  0.57
"49"  0.37  0.11  0.53
"50"  0.35  0.39  0.27
"51"  0.6  0.29  0.1
"52"  0.45  0.11  0.44
"53"  0.12  0.42  0.46
"54"  0.18  0.22  0.6
"55"  0.16  0.25  0.59
"56"  0.15  0.23  0.62
"57"  0.26  0.3  0.43
"58"  0.47  0.41  0.12
"59"  0.27  0.34  0.4
"60"  0.4  0.37  0.23
"61"  0.03  0.1  0.87
"62"  0.03  0.2  0.77
"63"  0.22  0.38  0.4
"64"  0.17  0.41  0.42
"65"  0.06  0.28  0.67
"66"  0.65  0.25  0.1
"67"  0.13  0.09  0.78
"68"  0.21  0.16  0.63
"69"  0.52  0.09  0.39
"70"  0.15  0.35  0.5
"71"  0.33  0.51  0.17
"72"  0.37  0.41  0.22
"73"  0.28  0.33  0.38
"74"  0.24  0.29  0.47
"75"  0.01  0.09  0.9
"76"  0.04  0.08  0.89
"77"  0.28  0.4  0.32
"78"  0.1  0.34  0.57
"79"  0.37  0.27  0.36
"80"  0.43  0.46  0.11
"81"  0.05  0.11  0.84
"82"  0.29  0.41  0.3
"83"  0.2  0.4  0.4
"84"  0.55  0.26  0.19
"85"  0.45  0.18  0.37
"86"  0.61  0.15  0.23
"87"  0.28  0.32  0.39
"88"  0.35  0.07  0.58
"89"  0.11  0.21  0.68
"90"  0.2  0.21  0.59
"91"  0.24  0.13  0.63
"92"  0.04  0.16  0.81
"93"  0.15  0.37  0.48
"94"  0.22  0.24  0.54
"95"  0.14  0.18  0.68
"96"  0.11  0.18  0.71
"97"  0.11  0.29  0.6
"98"  0.07  0.15  0.78
"99"  0.14  0.27  0.59
"100"  0.38  0.34  0.28
"101"  0.21  0.26  0.53
"102"  0.46  0.31  0.23
"103"  0.22  0.48  0.31
"104"  0.35  0.28  0.36
"105"  0.07  0.21  0.72
"106"  0.12  0.38  0.5
"107"  0.22  0.25  0.53
"108"  0.13  0.31  0.56
"109"  0.17  0.34  0.49
"110"  0.26  0.19  0.55
"111"  0.09  0.15  0.76
"112"  0.43  0.28  0.29
"113"  0.57  0.37  0.06
"114"  0.55  0.12  0.33
"115"  0.33  0.12  0.55
"116"  0.33  0.32  0.36
"117"  0.31  0.36  0.33
"118"  0.18  0.25  0.57
"119"  0.11  0.24  0.64
"120"  0.29  0.38  0.33
"121"  0.12  0.31  0.57
"122"  0.37  0.49  0.14
"123"  0.11  0.32  0.57
"124"  0.25  0.27  0.48
"125"  0.51  0.21  0.28
"126"  0.45  0.36  0.19
"127"  0.16  0.24  0.61
"128"  0.36  0.29  0.35
"129"  0.07  0.14  0.78
"130"  0.34  0.48  0.18
"131"  0.27  0.37  0.36
"132"  0.18  0.31  0.51
"133"  0.89  0.04  0.07
"134"  0.51  0.28  0.22
"135"  0.06  0.11  0.83
"136"  0.13  0.28  0.59
"137"  0.34  0.34  0.32
"138"  0.14  0.36  0.5
"139"  0.22  0.44  0.34
"140"  0.14  0.25  0.61
"141"  0.06  0.14  0.8
"142"  0.37  0.43  0.19
"143"  0.36  0.43  0.22
"144"  0.33  0.36  0.31
"145"  0.39  0.39  0.22
"146"  0.06  0.13  0.82
"147"  0.33  0.06  0.6
"148"  0.49  0.22  0.29
"149"  0.46  0.23  0.31
"150"  0.3  0.34  0.36
"151"  0.27  0.29  0.44
"152"  0.19  0.3  0.51
"153"  0.04  0.21  0.75
"154"  0.18  0.28  0.54
"155"  0.05  0.22  0.73
"156"  0.41  0.3  0.29
"157"  0.44  0.29  0.27
"158"  0.12  0.42  0.46
"159"  0.34  0.49  0.16
"160"  0.26  0.47  0.27
"161"  0.16  0.31  0.53
"162"  0.2  0.28  0.52
"163"  0.18  0.29  0.53
"164"  0.02  0.07  0.91
"165"  0.32  0.34  0.34
"166"  0.17  0.26  0.56
"167"  0.08  0.25  0.66
"168"  0.15  0.19  0.66
"169"  0.62  0.24  0.15
"170"  0.29  0.27  0.45
"171"  0.04  0.24  0.72
"172"  0.16  0.29  0.56
"173"  0.26  0.22  0.53
"174"  0.24  0.18  0.59
"175"  0.76  0.21  0.04
"176"  0.45  0.24  0.31
"177"  0.41  0.14  0.45
"178"  0.39  0.38  0.24
"179"  0.21  0.32  0.47
"180"  0.35  0.46  0.19
"181"  0.09  0.42  0.49
"182"  0.29  0.26  0.45
"183"  0.21  0.51  0.28
"184"  0.16  0.22  0.62
"185"  0.27  0.39  0.33
"186"  0.07  0.12  0.81
"187"  0.01  0.15  0.83
"188"  0.24  0.32  0.43
"189"  0.28  0.5  0.21
"190"  0.4  0.15  0.45
"191"  0.68  0.19  0.14
"192"  0.45  0.4  0.15
"193"  0.44  0.3  0.26
"194"  0.63  0.19  0.18
"195"  0.37  0.27  0.35
"196"  0.07  0.22  0.71
"197"  0.07  0.31  0.62
"198"  0.41  0.43  0.16
"199"  0.37  0.29  0.34
"200"  0.17  0.23  0.6
"201"  0.12  0.17  0.7
"202"  0.38  0.37  0.25
"203"  0.34  0.13  0.53
"204"  0.42  0.35  0.23
"205"  0.21  0.33  0.47
"206"  0.03  0.09  0.87
"207"  0.31  0.38  0.32
"208"  0.69  0.25  0.06
"209"  0.04  0.22  0.74
"210"  0.35  0.4  0.25
"211"  0.28  0.42  0.3
"212"  0.3  0.32  0.38
"213"  0.04  0.16  0.8
"214"  0.34  0.25  0.41
"215"  0.49  0.3  0.2
"216"  0.79  0.11  0.11
"217"  0.35  0.35  0.3
"218"  0.08  0.19  0.72
"219"  0.39  0.32  0.28
"220"  0.22  0.33  0.45
"221"  0.06  0.13  0.81
"222"  0.34  0.18  0.48
"223"  0.57  0.3  0.13
"224"  0.22  0.35  0.43
"225"  0.1  0.17  0.73
"226"  0.12  0.16  0.72
"227"  0.78  0.15  0.07
"228"  0.16  0.32  0.52
"229"  0.32  0.45  0.22
"230"  0.4  0.36  0.24
"231"  0.18  0.18  0.64
"232"  0.1  0.21  0.69
"233"  0.71  0.2  0.09
"234"  0.33  0.26  0.4
"235"  0.32  0.5  0.18
"236"  0.09  0.25  0.66
"237"  0.44  0.43  0.13
"238"  0.32  0.2  0.47
"239"  0.35  0.26  0.39
"240"  0.33  0.28  0.39
"241"  0.34  0.47  0.19
"242"  0.2  0.41  0.39
"243"  0.06  0.3  0.64
"244"  0.1  0.25  0.65
"245"  0.24  0.32  0.44
"246"  0.31  0.29  0.4
"247"  0.58  0.32  0.1
"248"  0.19  0.17  0.64
"249"  0.13  0.18  0.69
"250"  0.62  0.18  0.2
"251"  0.46  0.26  0.28
"252"  0.19  0.46  0.34
"253"  0.31  0.49  0.2
"254"  0.61  0.14  0.25
"255"  0.16  0.36  0.48
"256"  0.48  0.29  0.23
"257"  0.07  0.33  0.61
"258"  0.32  0.47  0.21
"259"  0.53  0.26  0.21
"260"  0.1  0.16  0.74
"261"  0.31  0.32  0.37
"262"  0.38  0.24  0.37
"263"  0.05  0.14  0.8
"264"  0.49  0.46  0.04
"265"  0.47  0.3  0.23
"266"  0.05  0.08  0.87
"267"  0.03  0.19  0.77
"268"  0.3  0.23  0.46
"269"  0.74  0.15  0.11
"270"  0.23  0.41  0.36
"271"  0.13  0.28  0.6
"272"  0.31  0.53  0.16
"273"  0.4  0.28  0.31
"274"  0.12  0.38  0.5
"275"  0.39  0.33  0.28
"276"  0.34  0.32  0.33
"277"  0.58  0.24  0.18
"278"  0.44  0.35  0.21
"279"  0.08  0.24  0.68
"280"  0.29  0.27  0.44
"281"  0.44  0.37  0.19
"282"  0.07  0.09  0.83
"283"  0.7  0.18  0.12
"284"  0.41  0.34  0.24
"285"  0.1  0.16  0.74
"286"  0.15  0.23  0.61
"287"  0.34  0.3  0.35
"288"  0.39  0.36  0.25
"289"  0.26  0.27  0.47
"290"  0.27  0.48  0.26
"291"  0.17  0.16  0.67
"292"  0.41  0.32  0.27
"293"  0.08  0.22  0.71
"294"  0.06  0.17  0.78
"295"  0.25  0.46  0.29
"296"  0.46  0.28  0.26
"297"  0.37  0.37  0.25
"298"  0.28  0.38  0.33
"299"  0.3  0.32  0.38
"300"  0.46  0.31  0.23
"301"  0.05  0.11  0.84
"302"  0.4  0.18  0.42
"303"  0.44  0.4  0.16
"304"  0.79  0.15  0.06
"305"  0.2  0.19  0.61
"306"  0.31  0.35  0.34
"307"  0.08  0.14  0.78
"308"  0.21  0.39  0.39
"309"  0.18  0.24  0.57
"310"  0.28  0.47  0.25
"311"  0.35  0.4  0.25
"312"  0.08  0.16  0.76
"313"  0.06  0.16  0.78
"314"  0.03  0.19  0.78
"315"  0.4  0.4  0.2
"316"  0.28  0.42  0.29
"317"  0.35  0.48  0.16
"318"  0.22  0.33  0.45
"319"  0.33  0.39  0.28
"320"  0.31  0.29  0.4
"321"  0.19  0.3  0.51
"322"  0.52  0.3  0.18
"323"  0.1  0.16  0.74
"324"  0.15  0.36  0.49
"325"  0.6  0.28  0.12
"326"  0.51  0.38  0.11
"327"  0.24  0.18  0.58
"328"  0.26  0.43  0.31
"329"  0.27  0.27  0.47
"330"  0.24  0.48  0.28
"331"  0.12  0.53  0.34
"332"  0.27  0.52  0.21
"333"  0.64  0.27  0.09
"334"  0.04  0.13  0.83
"335"  0.1  0.22  0.68
"336"  0.37  0.43  0.2
"337"  0.36  0.3  0.34
"338"  0.32  0.47  0.21
"339"  0.24  0.22  0.54
"340"  0.26  0.35  0.39
"341"  0.42  0.34  0.25
"342"  0.27  0.19  0.54
"343"  0.02  0.17  0.82
"344"  0.75  0.19  0.06
"345"  0.2  0.14  0.66
"346"  0.26  0.24  0.5
"347"  0.16  0.31  0.53
"348"  0.54  0.33  0.13
"349"  0.39  0.37  0.24
"350"  0.31  0.47  0.22
"351"  0.15  0.55  0.29
"352"  0.54  0.3  0.16
"353"  0.33  0.43  0.24
"354"  0.21  0.2  0.59
"355"  0.2  0.24  0.55
"356"  0.43  0.26  0.31
"357"  0.33  0.51  0.16
"358"  0.08  0.19  0.73
"359"  0.15  0.3  0.56
"360"  0.08  0.22  0.7
"361"  0.23  0.2  0.57
"362"  0.25  0.4  0.35
"363"  0.01  0.09  0.9
"364"  0.05  0.2  0.74
"365"  0.53  0.21  0.26
"366"  0.42  0.34  0.24
"367"  0.08  0.35  0.56
"368"  0.24  0.37  0.39
"369"  0.25  0.13  0.62
"370"  0.54  0.24  0.23
"371"  0.69  0.2  0.11
"372"  0.19  0.53  0.27
"373"  0.15  0.53  0.32
"374"  0.42  0.43  0.15
"375"  0.52  0.2  0.28
"376"  0.2  0.5  0.3
"377"  0.59  0.36  0.05
"378"  0.26  0.46  0.28
"379"  0.13  0.13  0.74
"380"  0.12  0.14  0.75
"381"  0.28  0.3  0.42
"382"  0.2  0.31  0.49
"383"  0.07  0.13  0.8
"384"  0.33  0.3  0.37
"385"  0.31  0.31  0.37
"386"  0.12  0.17  0.71
"387"  0.04  0.17  0.78
"388"  0.18  0.47  0.34
"389"  0.4  0.46  0.14
"390"  0.52  0.21  0.27
"391"  0.2  0.33  0.47
"392"  0.2  0.33  0.47
"393"  0.41  0.25  0.34
"394"  0.22  0.34  0.43
"395"  0.08  0.25  0.67
"396"  0.16  0.24  0.6
"397"  0.6  0.26  0.14
"398"  0.14  0.19  0.67
"399"  0.52  0.27  0.21
"400"  0.79  0.17  0.04
"401"  0.08  0.35  0.58
"402"  0.75  0.13  0.12
"403"  0.32  0.48  0.2
"404"  0.19  0.17  0.64
"405"  0.63  0.09  0.28
"406"  0.58  0.26  0.17
"407"  0.23  0.36  0.41
"408"  0.42  0.22  0.36
"409"  0.24  0.59  0.17
"410"  0.3  0.44  0.26
"411"  0.52  0.33  0.15
"412"  0.14  0.13  0.74
"413"  0.05  0.19  0.75
"414"  0.22  0.41  0.37
"415"  0.4  0.32  0.28
"416"  0.64  0.23  0.12
"417"  0.3  0.26  0.44
"418"  0.27  0.37  0.35
"419"  0.32  0.3  0.38
"420"  0.09  0.49  0.42
"421"  0.7  0.22  0.08
"422"  0.33  0.42  0.25
"423"  0.46  0.45  0.09
"424"  0.17  0.21  0.62
"425"  0.34  0.31  0.35
"426"  0.75  0.17  0.09
"427"  0.3  0.33  0.37
"428"  0.55  0.34  0.11
"429"  0.14  0.32  0.53
"430"  0.03  0.18  0.8
"431"  0.38  0.31  0.31
"432"  0.4  0.39  0.21
"433"  0.52  0.38  0.1
"434"  0.05  0.21  0.74
"435"  0.05  0.23  0.72
"436"  0.33  0.29  0.38
"437"  0.27  0.27  0.46
"438"  0.8  0.14  0.06
"439"  0.37  0.24  0.38
"440"  0.1  0.28  0.62
"441"  0.21  0.35  0.44
"442"  0.38  0.35  0.27
"443"  0.27  0.5  0.23
"444"  0.78  0.16  0.06
"445"  0.31  0.54  0.16
"446"  0.35  0.29  0.37
"447"  0.22  0.29  0.49
"448"  0.23  0.36  0.41
"449"  0.24  0.31  0.44
"450"  0.62  0.2  0.18
"451"  0.04  0.18  0.78
"452"  0.08  0.12  0.8
"453"  0.09  0.19  0.72
"454"  0.57  0.29  0.14
"455"  0.14  0.23  0.63
"456"  0.52  0.35  0.13
"457"  0.08  0.16  0.76
"458"  0.39  0.32  0.29
"459"  0.06  0.09  0.85
"460"  0.32  0.43  0.25
"461"  0.32  0.35  0.33
"462"  0.39  0.39  0.22
"463"  0.59  0.34  0.06
"464"  0.25  0.28  0.47
"465"  0.15  0.53  0.32
"466"  0.03  0.25  0.72
"467"  0.11  0.33  0.56
"468"  0.79  0.18  0.03
"469"  0.06  0.16  0.78
"470"  0.14  0.24  0.62
"471"  0.19  0.57  0.24
"472"  0.37  0.43  0.2
"473"  0.52  0.38  0.09
"474"  0.03  0.09  0.88
"475"  0.29  0.54  0.17
"476"  0.44  0.28  0.27
"477"  0.49  0.28  0.23
"478"  0.25  0.35  0.39
"479"  0.35  0.27  0.38
"480"  0.22  0.3  0.48
"481"  0.4  0.38  0.23
"482"  0.11  0.16  0.73
"483"  0.62  0.23  0.15
"484"  0.07  0.12  0.8
"485"  0.24  0.36  0.4
"486"  0.37  0.48  0.15
"487"  0.2  0.62  0.18
"488"  0.49  0.29  0.23
"489"  0.73  0.19  0.08
"490"  0.38  0.34  0.28
"491"  0.26  0.26  0.48
"492"  0.16  0.36  0.48
"493"  0.14  0.5  0.35
"494"  0.15  0.2  0.65
"495"  0.07  0.32  0.62
"496"  0.26  0.3  0.44
"497"  0.14  0.32  0.54
"498"  0.01  0.04  0.95
"499"  0.32  0.37  0.31
"500"  0.54  0.35  0.1
"501"  0.2  0.4  0.4
"502"  0.28  0.25  0.46
"503"  0.71  0.21  0.09
"504"  0.11  0.3  0.6
"505"  0.05  0.18  0.77
"506"  0.01  0.07  0.92
"507"  0.21  0.26  0.53
"508"  0.33  0.3  0.37
"509"  0.58  0.23  0.19
"510"  0.29  0.48  0.23
"511"  0.44  0.44  0.12
"512"  0.07  0.12  0.81
"513"  0.14  0.25  0.62
"514"  0.1  0.38  0.53
"515"  0.02  0.09  0.89
"516"  0.55  0.23  0.21
"517"  0.21  0.29  0.5
"518"  0.37  0.25  0.38
"519"  0.09  0.14  0.77
"520"  0.38  0.29  0.32
"521"  0.28  0.38  0.34
"522"  0.13  0.63  0.24
"523"  0.31  0.3  0.38
"524"  0.25  0.25  0.51
"525"  0.05  0.25  0.71
"526"  0.27  0.37  0.36
"527"  0.08  0.35  0.57
"528"  0.14  0.23  0.63
"529"  0.16  0.22  0.62
"530"  0.51  0.24  0.24
"531"  0.28  0.19  0.54
"532"  0.37  0.27  0.36
"533"  0.19  0.34  0.47
"534"  0.24  0.48  0.28
"535"  0.5  0.24  0.27
"536"  0.33  0.34  0.33
"537"  0.29  0.29  0.42
"538"  0.09  0.15  0.76
"539"  0.17  0.38  0.45
"540"  0.05  0.11  0.84
"541"  0.24  0.3  0.46
"542"  0.31  0.44  0.25
"543"  0.55  0.26  0.19
"544"  0.55  0.3  0.15
"545"  0.28  0.34  0.38
"546"  0.43  0.29  0.29
"547"  0.3  0.26  0.45
"548"  0.1  0.44  0.47
"549"  0.41  0.45  0.13
"550"  0.59  0.26  0.15
"551"  0.02  0.15  0.83
"552"  0.2  0.39  0.41
"553"  0.19  0.11  0.69
"554"  0.1  0.28  0.61
"555"  0.11  0.45  0.43
"556"  0.18  0.42  0.41
"557"  0.08  0.32  0.6
"558"  0.16  0.24  0.61
"559"  0.31  0.48  0.2
"560"  0.48  0.39  0.12
"561"  0.08  0.23  0.68
"562"  0.25  0.39  0.36
"563"  0.44  0.28  0.28
"564"  0.58  0.22  0.2
"565"  0.16  0.19  0.65
"566"  0.05  0.24  0.7
"567"  0.24  0.28  0.49
